174
612
1442
2611
3223
3396
3502
3561
3563
3700
3722
3791
3842
3904
4250
4323
4640
4694
4851
5041
5541
5577
5755
5784
6188
6218
6364
6428
6560
6603
6696
6718
6724
6729
6870
6939
7052
7156
7158
7203
7259
7289
7309
7337
7349
7455
7489
7506
7544
7595
7598
7655
7827
7850
7880
7883
7907
7918
7979
8075
8095
8100
8219
8368
8455
8477
8556
8560
8972
9009
9166
9290
9370
9412
9667
9683
9823
9925
10114
10122
10123
10200
10207
10297
10439
10462
10532
10704
10737
10741
10765
10908
10929
10963
11029
11114
11230
11235
11274
11282
11588
11754
11831
11849
11878
11931
12364
12506
12586
12617
12679
12720
12876
12989
13209
13213
13332
13389
13537
13557
13647
13739
13798
13909
13916
13926
13955
14029
14061
14120
14127
14141
14160
14179
14202
14230
14244
14384
14415
14442
14567
14572
14576
14618
14670
14708
14770
14986
14987
14992
15003
15083
15169
15189
15395
15497
15510
15626
15734
15919
16125
16262
16276
16284
16312
16397
16509
16535
16628
16862
16973
17019
17048
17139
17216
17312
17393
17439
17440
17669
17683
17881
17918
17920
17971
17997
18013
18025
18120
18450
18570
18586
18645
18779
18978
18981
18984
19084
19133
19148
19234
19318
19376
19437
19531
19624
19710
19832
19844
19871
19894
19969
20021
20068
20150
20248
20264
20360
20401
20448
20450
20454
20473
20598
20692
20714
20730
20738
20773
20836
20860
21100
21159
21217
21321
21584
21679
21859
21926
21983
22119
22152
22363
22427
22552
22558
22611
22628
22676
22720
22781
22893
22903
22979
23033
23052
23108
23273
23312
23342
23352
23450
23535
23537
23881
24142
24220
24381
24428
24482
24549
24558
24611
24679
24725
24768
24875
24931
24940
24958
24961
24971
24997
25048
25128
25163
25260
25335
25369
25379
25459
25486
25532
25642
25653
25780
25820
25897
25926
26044
26045
26272
26277
26481
26484
26658
26754
26930
26978
27175
27223
27229
27257
27310
27357
27411
27524
27589
27597
27640
27846
28092
28099
28216
28333
28490
28639
28747
28753
28855
28997
29066
29067
29073
29097
29119
29140
29182
29302
29311
29331
29354
29452
29465
29550
29691
29713
29748
29802
29812
29838
29854
29869
29883
29971
30083
30137
30152
30176
30186
30235
30279
30475
30479
30633
30693
30849
30900
30938
30998
31034
31103
31240
31251
31472
31590
31659
31698
31715
31797
31807
31863
31981
32087
32097
32177
32181
32244
32275
32306
32311
32338
32400
32475
32489
32579
32613
32647
32714
32740
32780
32875
32881
32911
32959
32986
32987
33070
33083
33182
33251
33260
33302
33322
33330
33333
33387
33438
33475
33480
33532
33552
33569
33611
33688
33724
33785
33891
34109
34305
34432
34541
34649
34745
34971
34989
34991
35017
35278
35295
35297
35366
35415
35467
35470
35555
35662
35908
35914
35916
35974
36024
36114
36236
36263
36290
36351
36352
36408
36536
36542
36666
36791
36873
36887
36920
36970
37018
37088
37135
37153
37170
37209
37230
37248
37266
37268
37269
37280
37308
37347
37377
37472
37506
37518
37521
37540
37643
37661
37692
37714
37775
37962
38001
38107
38279
38894
38913
39020
39326
39351
39392
39451
39458
39523
39536
39572
39704
39756
39839
40156
40165
40244
40281
40374
40438
40446
40529
40539
40665
40676
40715
40728
40775
40819
40824
40861
41011
41062
41079
41331
41369
41390
41427
41500
41562
41653
41665
42120
42152
42160
42210
42229
42244
42311
42331
42399
42400
42418
42442
42457
42462
42465
42473
42602
42612
42622
42694
42695
42699
42705
42708
42730
42776
42831
42861
43021
43043
43146
43147
43198
43289
43317
43350
43472
43541
43554
43620
43659
43945
44050
44066
44204
44227
44398
44414
44520
44559
44685
44750
44814
44853
44901
45017
45052
45102
45152
45179
45187
45201
45470
45481
45486
45569
45577
45650
45671
45693
45815
45887
46177
46260
46261
46284
46370
46430
46433
46475
46562
46573
46640
46664
46723
46805
46816
46844
46873
46879
46931
46945
47142
47143
47161
47172
47205
47328
47385
47447
47500
47549
47577
47583
47588
47598
47602
47625
47860
47869
47893
47920
47967
47995
48028
48030
48031
48066
48093
48262
48266
48277
48446
48812
48825
48882
48896
48974
49006
49074
49173
49302
49313
49349
49367
49443
49447
49453
49485
49505
49532
49544
49597
49643
49682
49693
49815
49818
49834
49949
49964
49981
50297
50461
50465
50608
50613
50630
50655
50673
50872
50915
50926
50968
50979
50986
51050
51092
51109
51159
51167
51191
51241
51248
51290
51294
51395
51430
51445
51447
51490
51698
51731
51765
51842
51852
51961
51983
52048
52173
52219
52236
52270
52302
52321
52335
52347
52393
52449
52465
52485
52499
52523
52674
52733
52925
53013
53055
53057
53101
53221
53225
53281
53318
53332
53340
53342
53346
53369
53370
53440
53559
53589
53597
53611
53648
53667
53723
53755
53812
53850
53889
53914
53918
54014
54046
54104
54203
54290
54334
54455
54489
54500
54527
54540
54555
54561
54641
54817
54825
54839
54997
55051
55081
55150
55225
55229
55286
55293
55536
55720
55761
55799
55933
55967
56106
56110
56291
56322
56611
56617
56630
56732
56784
56799
56831
56934
57043
57054
57059
57129
57166
57169
57172
57189
57230
57286
57345
57363
57433
57669
57682
57717
57724
57751
57752
57756
57773
57858
57879
57880
57972
58014
58018
58073
58099
58113
58222
58305
58313
58366
58667
58797
58827
58922
58936
58964
59135
59253
59344
59349
59384
59432
59504
59554
59615
59632
59677
59705
59729
59749
59764
59791
59795
59816
59854
60011
60068
60117
60118
60318
60371
60394
60404
60476
60485
60505
60539
60558
60567
60695
60739
60781
60800
60887
60937
60974
61102
61107
61147
61157
61280
61317
61412
61422
61440
62026
62049
62052
62058
62068
62071
62079
62080
62082
62088
62093
62115
62214
62217
62228
62240
62266
62282
62294
62310
62355
62370
62468
62471
62485
62519
62540
62563
62567
62601
62605
62651
62703
62741
62756
62785
62838
62874
62878
62899
62904
62922
62927
63008
63018
63043
63119
63128
63129
63157
63199
63213
63410
63473
63485
63916
63949
63990
64013
64035
64056
64067
64085
64245
64484
65075
80780
131321
131334
131472
131788
132070
132071
132212
132225
132231
132425
132509
132717
132779
132816
132869
133120
133143
133222
133229
133296
133320
133393
133480
133752
133855
134190
134451
134837
135004
135028
135402
135555
135562
135822
136258
136945
137434
137517
137951
196645
196678
196716
196745
196827
197043
197145
197155
197286
197328
197372
197395
197426
197439
197569
197648
197812
197902
197914
198047
198153
198171
198310
198313
198347
198375
198414
198432
198605
198651
198968
199129
199176
199213
199267
199297
199429
199432
199481
199653
199716
199733
199847
199874
199883
199990
199997
200000
200019
200039
200052
200074
200079
200085
200137
200141
200147
200454
200494
200532
200557
200617
200775
200859
200904
201011
201200
201233
201288
201292
201351
201449
201509
201525
201553
201597
201630
201634
201640
201670
201702
201709
201813
201862
201963
201983
202023
202053
202118
202144
202171
202193
202278
202413
202425
202436
202469
202470
202527
202533
202614
202661
202675
202678
202693
202702
202726
202750
202769
202836
202969
203020
203025
203040
203044
203059
203069
203120
203320
203405
203418
203443
203523
203565
203629
203631
203694
203706
203950
203999
204085
204089
204105
204139
204185
204188
204196
204210
204223
204293
204333
204472
204655
204815
204872
204895
204957
204992
205124
205145
205565
205692
205770
205824
205835
205842
205848
205857
205869
205873
205884
205944
206005
206068
206087
206127
206178
206233
206246
206352
206361
206469
206590
206592
206644
206654
206728
206750
206751
206898
206977
207088
207096
207108
207155
207200
208476
208846
209128
209559
209574
209623
209686
209723
209735
209843
209896
209946
210015
210138
210239
210273
212238
212811
213058
213137
213254
213322
213367
262170
262254
262267
262287
262603
262916
262978
262990
263032
263093
263168
263203
263237
263734
263735
263740
263744
263745
263821
263829
327705
327784
327790
327813
327942
328035
328095
393326
393504
393646
393715
393886
393927
393956
394021
394056
394143
394194
394256
394330
394380
394625
394727
395089
395105
395111
395358
395561
395954
395978
396190
396362
396412
396507
397384
397539
398217
398779
